Archivo,Número de puntos,Dimensiones,Tamaño de solución,LRC,Valor Objetivo,Iteraciones,Puntos de solución,Tiempo de Ejecución
"max_div_30_2.txt",10,30,2,2,2,11.657144,10,(2.070000 | 0.270000) (9.840000 | 8.960000) ,0.000199
"max_div_30_2.txt",20,30,2,2,2,11.657144,20,(9.840000 | 8.960000) (2.070000 | 0.270000) ,0.000363
"max_div_30_2.txt",30,30,2,2,2,11.657144,30,(9.840000 | 8.960000) (2.070000 | 0.270000) ,0.000543
"max_div_30_2.txt",40,30,2,2,2,11.657144,40,(2.070000 | 0.270000) (9.840000 | 8.960000) ,0.000733
"max_div_30_2.txt",50,30,2,2,2,11.657144,50,(9.840000 | 8.960000) (2.070000 | 0.270000) ,0.000833
"max_div_30_2.txt",10,30,2,2,3,11.657144,10,(9.840000 | 8.960000) (2.070000 | 0.270000) ,0.000207
"max_div_30_2.txt",20,30,2,2,3,11.657144,20,(9.840000 | 8.960000) (2.070000 | 0.270000) ,0.000363
"max_div_30_2.txt",30,30,2,2,3,11.657144,30,(2.070000 | 0.270000) (9.840000 | 8.960000) ,0.000557
"max_div_30_2.txt",40,30,2,2,3,11.657144,40,(2.070000 | 0.270000) (9.840000 | 8.960000) ,0.000690
"max_div_30_2.txt",50,30,2,2,3,11.657144,50,(9.840000 | 8.960000) (2.070000 | 0.270000) ,0.000861
"max_div_30_2.txt",10,30,2,2,4,11.657144,10,(9.840000 | 8.960000) (2.070000 | 0.270000) ,0.000195
"max_div_30_2.txt",20,30,2,2,4,11.657144,20,(9.840000 | 8.960000) (2.070000 | 0.270000) ,0.000379
"max_div_30_2.txt",30,30,2,2,4,11.657144,30,(2.070000 | 0.270000) (9.840000 | 8.960000) ,0.000538
"max_div_30_2.txt",40,30,2,2,4,11.657144,40,(2.070000 | 0.270000) (9.840000 | 8.960000) ,0.000708
"max_div_30_2.txt",50,30,2,2,4,11.657144,50,(2.070000 | 0.270000) (9.840000 | 8.960000) ,0.000858
"max_div_30_2.txt",10,30,2,2,5,11.657144,10,(9.840000 | 8.960000) (2.070000 | 0.270000) ,0.000199
"max_div_30_2.txt",20,30,2,2,5,11.657144,20,(2.070000 | 0.270000) (9.840000 | 8.960000) ,0.000370
"max_div_30_2.txt",30,30,2,2,5,11.657144,30,(9.840000 | 8.960000) (2.070000 | 0.270000) ,0.000531
"max_div_30_2.txt",40,30,2,2,5,11.657144,40,(2.070000 | 0.270000) (9.840000 | 8.960000) ,0.000708
"max_div_30_2.txt",50,30,2,2,5,11.657144,50,(2.070000 | 0.270000) (9.840000 | 8.960000) ,0.000872
"max_div_30_2.txt",10,30,2,3,2,28.944300,10,(2.070000 | 0.270000) (9.840000 | 8.960000) (1.910000 | 9.600000) ,0.000298
"max_div_30_2.txt",20,30,2,3,2,28.944300,20,(2.070000 | 0.270000) (1.910000 | 9.600000) (9.840000 | 8.960000) ,0.000575
"max_div_30_2.txt",30,30,2,3,2,28.944300,30,(2.070000 | 0.270000) (9.840000 | 8.960000) (1.910000 | 9.600000) ,0.000870
"max_div_30_2.txt",40,30,2,3,2,28.944300,40,(2.070000 | 0.270000) (1.910000 | 9.600000) (9.840000 | 8.960000) ,0.001081
"max_div_30_2.txt",50,30,2,3,2,28.944300,50,(2.070000 | 0.270000) (9.840000 | 8.960000) (1.910000 | 9.600000) ,0.001369
"max_div_30_2.txt",10,30,2,3,3,28.944300,10,(1.910000 | 9.600000) (2.070000 | 0.270000) (9.840000 | 8.960000) ,0.000312
"max_div_30_2.txt",20,30,2,3,3,28.944300,20,(2.070000 | 0.270000) (9.840000 | 8.960000) (1.910000 | 9.600000) ,0.000572
"max_div_30_2.txt",30,30,2,3,3,28.944300,30,(2.070000 | 0.270000) (9.840000 | 8.960000) (1.910000 | 9.600000) ,0.000868
"max_div_30_2.txt",40,30,2,3,3,28.944300,40,(2.070000 | 0.270000) (9.840000 | 8.960000) (1.910000 | 9.600000) ,0.001100
"max_div_30_2.txt",50,30,2,3,3,28.944300,50,(2.070000 | 0.270000) (9.840000 | 8.960000) (1.910000 | 9.600000) ,0.001378
"max_div_30_2.txt",10,30,2,3,4,28.944300,10,(2.070000 | 0.270000) (1.910000 | 9.600000) (9.840000 | 8.960000) ,0.000302
"max_div_30_2.txt",20,30,2,3,4,28.944300,20,(2.070000 | 0.270000) (9.840000 | 8.960000) (1.910000 | 9.600000) ,0.000588
"max_div_30_2.txt",30,30,2,3,4,28.944300,30,(2.070000 | 0.270000) (9.840000 | 8.960000) (1.910000 | 9.600000) ,0.000990
"max_div_30_2.txt",40,30,2,3,4,28.944300,40,(2.070000 | 0.270000) (9.840000 | 8.960000) (1.910000 | 9.600000) ,0.001579
"max_div_30_2.txt",50,30,2,3,4,28.944300,50,(2.070000 | 0.270000) (9.840000 | 8.960000) (1.910000 | 9.600000) ,0.002637
"max_div_30_2.txt",10,30,2,3,5,28.944300,10,(2.070000 | 0.270000) (1.910000 | 9.600000) (9.840000 | 8.960000) ,0.000467
"max_div_30_2.txt",20,30,2,3,5,28.944300,20,(2.070000 | 0.270000) (1.910000 | 9.600000) (9.840000 | 8.960000) ,0.000639
"max_div_30_2.txt",30,30,2,3,5,28.944300,30,(2.070000 | 0.270000) (9.840000 | 8.960000) (1.910000 | 9.600000) ,0.001443
"max_div_30_2.txt",40,30,2,3,5,28.944300,40,(2.070000 | 0.270000) (9.840000 | 8.960000) (1.910000 | 9.600000) ,0.001649
"max_div_30_2.txt",50,30,2,3,5,28.944300,50,(2.070000 | 0.270000) (9.840000 | 8.960000) (1.910000 | 9.600000) ,0.001416
"max_div_30_2.txt",10,30,2,4,2,52.771171,10,(9.840000 | 8.960000) (2.070000 | 0.270000) (1.910000 | 9.600000) (8.000000 | 1.530000) ,0.000448
"max_div_30_2.txt",20,30,2,4,2,52.771171,20,(9.840000 | 8.960000) (2.070000 | 0.270000) (1.910000 | 9.600000) (8.000000 | 1.530000) ,0.000862
"max_div_30_2.txt",30,30,2,4,2,52.771171,30,(2.070000 | 0.270000) (1.910000 | 9.600000) (9.840000 | 8.960000) (8.000000 | 1.530000) ,0.001222
"max_div_30_2.txt",40,30,2,4,2,52.771171,40,(2.070000 | 0.270000) (9.840000 | 8.960000) (1.910000 | 9.600000) (8.000000 | 1.530000) ,0.001640
"max_div_30_2.txt",50,30,2,4,2,52.771171,50,(2.070000 | 0.270000) (1.910000 | 9.600000) (9.840000 | 8.960000) (8.000000 | 1.530000) ,0.002028
"max_div_30_2.txt",10,30,2,4,3,52.771171,10,(2.070000 | 0.270000) (9.840000 | 8.960000) (1.910000 | 9.600000) (8.000000 | 1.530000) ,0.000448
"max_div_30_2.txt",20,30,2,4,3,52.771171,20,(2.070000 | 0.270000) (1.910000 | 9.600000) (9.840000 | 8.960000) (8.000000 | 1.530000) ,0.000849
"max_div_30_2.txt",30,30,2,4,3,52.771171,30,(2.070000 | 0.270000) (8.000000 | 1.530000) (1.910000 | 9.600000) (9.840000 | 8.960000) ,0.001224
"max_div_30_2.txt",40,30,2,4,3,52.771171,40,(2.070000 | 0.270000) (1.910000 | 9.600000) (9.840000 | 8.960000) (8.000000 | 1.530000) ,0.001662
"max_div_30_2.txt",50,30,2,4,3,52.771171,50,(9.840000 | 8.960000) (2.070000 | 0.270000) (1.910000 | 9.600000) (8.000000 | 1.530000) ,0.002022
"max_div_30_2.txt",10,30,2,4,4,52.771171,10,(2.070000 | 0.270000) (9.840000 | 8.960000) (1.910000 | 9.600000) (8.000000 | 1.530000) ,0.000441
"max_div_30_2.txt",20,30,2,4,4,52.771171,20,(8.000000 | 1.530000) (1.910000 | 9.600000) (2.070000 | 0.270000) (9.840000 | 8.960000) ,0.000855
"max_div_30_2.txt",30,30,2,4,4,52.771171,30,(8.000000 | 1.530000) (9.840000 | 8.960000) (2.070000 | 0.270000) (1.910000 | 9.600000) ,0.001227
"max_div_30_2.txt",40,30,2,4,4,52.771171,40,(1.910000 | 9.600000) (9.840000 | 8.960000) (2.070000 | 0.270000) (8.000000 | 1.530000) ,0.002531
"max_div_30_2.txt",50,30,2,4,4,52.771171,50,(8.000000 | 1.530000) (1.910000 | 9.600000) (9.840000 | 8.960000) (2.070000 | 0.270000) ,0.002418
"max_div_30_2.txt",10,30,2,4,5,52.771171,10,(1.910000 | 9.600000) (2.070000 | 0.270000) (8.000000 | 1.530000) (9.840000 | 8.960000) ,0.000456
"max_div_30_2.txt",20,30,2,4,5,52.771171,20,(2.070000 | 0.270000) (9.840000 | 8.960000) (1.910000 | 9.600000) (8.000000 | 1.530000) ,0.000988
"max_div_30_2.txt",30,30,2,4,5,52.771171,30,(1.910000 | 9.600000) (8.000000 | 1.530000) (9.840000 | 8.960000) (2.070000 | 0.270000) ,0.001268
"max_div_30_2.txt",40,30,2,4,5,52.771171,40,(8.000000 | 1.530000) (1.910000 | 9.600000) (9.840000 | 8.960000) (2.070000 | 0.270000) ,0.001667
"max_div_30_2.txt",50,30,2,4,5,52.771171,50,(8.000000 | 1.530000) (9.840000 | 8.960000) (2.070000 | 0.270000) (1.910000 | 9.600000) ,0.002051
"max_div_30_2.txt",10,30,2,5,2,80.910241,10,(9.840000 | 8.960000) (0.650000 | 3.260000) (1.910000 | 9.600000) (2.070000 | 0.270000) (8.000000 | 1.530000) ,0.000756
"max_div_30_2.txt",20,30,2,5,2,80.910241,20,(9.840000 | 8.960000) (0.650000 | 3.260000) (1.910000 | 9.600000) (2.070000 | 0.270000) (8.000000 | 1.530000) ,0.001575
"max_div_30_2.txt",30,30,2,5,2,80.910241,30,(9.840000 | 8.960000) (0.650000 | 3.260000) (1.910000 | 9.600000) (2.070000 | 0.270000) (8.000000 | 1.530000) ,0.002295
"max_div_30_2.txt",40,30,2,5,2,80.910241,40,(2.070000 | 0.270000) (9.840000 | 8.960000) (0.650000 | 3.260000) (8.000000 | 1.530000) (1.910000 | 9.600000) ,0.003913
"max_div_30_2.txt",50,30,2,5,2,80.910241,50,(1.910000 | 9.600000) (8.000000 | 1.530000) (9.840000 | 8.960000) (2.070000 | 0.270000) (0.650000 | 3.260000) ,0.003827
"max_div_30_2.txt",10,30,2,5,3,80.910241,10,(2.070000 | 0.270000) (9.840000 | 8.960000) (0.650000 | 3.260000) (8.000000 | 1.530000) (1.910000 | 9.600000) ,0.000632
"max_div_30_2.txt",20,30,2,5,3,80.910241,20,(1.910000 | 9.600000) (2.070000 | 0.270000) (0.650000 | 3.260000) (8.000000 | 1.530000) (9.840000 | 8.960000) ,0.001198
"max_div_30_2.txt",30,30,2,5,3,80.910241,30,(1.910000 | 9.600000) (2.070000 | 0.270000) (0.650000 | 3.260000) (8.000000 | 1.530000) (9.840000 | 8.960000) ,0.001745
"max_div_30_2.txt",40,30,2,5,3,80.910241,40,(1.910000 | 9.600000) (2.070000 | 0.270000) (8.000000 | 1.530000) (9.840000 | 8.960000) (0.650000 | 3.260000) ,0.002258
"max_div_30_2.txt",50,30,2,5,3,80.910241,50,(2.070000 | 0.270000) (9.840000 | 8.960000) (1.910000 | 9.600000) (0.650000 | 3.260000) (8.000000 | 1.530000) ,0.002805
"max_div_30_2.txt",10,30,2,5,4,80.910241,10,(2.070000 | 0.270000) (9.840000 | 8.960000) (0.650000 | 3.260000) (1.910000 | 9.600000) (8.000000 | 1.530000) ,0.000622
"max_div_30_2.txt",20,30,2,5,4,80.910241,20,(1.910000 | 9.600000) (2.070000 | 0.270000) (8.000000 | 1.530000) (9.840000 | 8.960000) (0.650000 | 3.260000) ,0.001179
"max_div_30_2.txt",30,30,2,5,4,80.910241,30,(1.910000 | 9.600000) (0.650000 | 3.260000) (8.000000 | 1.530000) (2.070000 | 0.270000) (9.840000 | 8.960000) ,0.001735
"max_div_30_2.txt",40,30,2,5,4,80.910241,40,(1.910000 | 9.600000) (0.650000 | 3.260000) (8.000000 | 1.530000) (2.070000 | 0.270000) (9.840000 | 8.960000) ,0.002262
"max_div_30_2.txt",50,30,2,5,4,80.910241,50,(2.070000 | 0.270000) (1.910000 | 9.600000) (9.840000 | 8.960000) (8.000000 | 1.530000) (0.650000 | 3.260000) ,0.002848
"max_div_30_2.txt",10,30,2,5,5,80.910241,10,(8.000000 | 1.530000) (1.910000 | 9.600000) (9.840000 | 8.960000) (2.070000 | 0.270000) (0.650000 | 3.260000) ,0.000643
"max_div_30_2.txt",20,30,2,5,5,80.910241,20,(9.840000 | 8.960000) (8.000000 | 1.530000) (1.910000 | 9.600000) (2.070000 | 0.270000) (0.650000 | 3.260000) ,0.001163
"max_div_30_2.txt",30,30,2,5,5,80.910241,30,(8.000000 | 1.530000) (9.840000 | 8.960000) (1.910000 | 9.600000) (2.070000 | 0.270000) (0.650000 | 3.260000) ,0.001780
"max_div_30_2.txt",40,30,2,5,5,80.910241,40,(1.910000 | 9.600000) (8.000000 | 1.530000) (9.840000 | 8.960000) (2.070000 | 0.270000) (0.650000 | 3.260000) ,0.002270
"max_div_30_2.txt",50,30,2,5,5,80.910241,50,(1.910000 | 9.600000) (2.070000 | 0.270000) (8.000000 | 1.530000) (9.840000 | 8.960000) (0.650000 | 3.260000) ,0.002827
"max_div_20_3.txt",10,20,3,2,2,11.800309,10,(9.810000 | 2.050000 | 1.830000) (0.650000 | 3.760000 | 9.070000) ,0.000195
"max_div_20_3.txt",20,20,3,2,2,11.800309,20,(0.650000 | 3.760000 | 9.070000) (9.810000 | 2.050000 | 1.830000) ,0.000280
"max_div_20_3.txt",30,20,3,2,2,11.800309,30,(9.810000 | 2.050000 | 1.830000) (0.650000 | 3.760000 | 9.070000) ,0.000382
"max_div_20_3.txt",40,20,3,2,2,11.800309,40,(0.650000 | 3.760000 | 9.070000) (9.810000 | 2.050000 | 1.830000) ,0.000503
"max_div_20_3.txt",50,20,3,2,2,11.800309,50,(0.650000 | 3.760000 | 9.070000) (9.810000 | 2.050000 | 1.830000) ,0.000611
"max_div_20_3.txt",10,20,3,2,3,11.800309,10,(9.810000 | 2.050000 | 1.830000) (0.650000 | 3.760000 | 9.070000) ,0.000154
"max_div_20_3.txt",20,20,3,2,3,11.800309,20,(0.650000 | 3.760000 | 9.070000) (9.810000 | 2.050000 | 1.830000) ,0.000272
"max_div_20_3.txt",30,20,3,2,3,11.800309,30,(0.650000 | 3.760000 | 9.070000) (9.810000 | 2.050000 | 1.830000) ,0.000385
"max_div_20_3.txt",40,20,3,2,3,11.800309,40,(0.650000 | 3.760000 | 9.070000) (9.810000 | 2.050000 | 1.830000) ,0.000501
"max_div_20_3.txt",50,20,3,2,3,11.800309,50,(9.810000 | 2.050000 | 1.830000) (0.650000 | 3.760000 | 9.070000) ,0.000622
"max_div_20_3.txt",10,20,3,2,4,11.800309,10,(0.650000 | 3.760000 | 9.070000) (9.810000 | 2.050000 | 1.830000) ,0.000152
"max_div_20_3.txt",20,20,3,2,4,11.800309,20,(9.810000 | 2.050000 | 1.830000) (0.650000 | 3.760000 | 9.070000) ,0.000285
"max_div_20_3.txt",30,20,3,2,4,11.800309,30,(0.650000 | 3.760000 | 9.070000) (9.810000 | 2.050000 | 1.830000) ,0.000384
"max_div_20_3.txt",40,20,3,2,4,11.800309,40,(9.810000 | 2.050000 | 1.830000) (0.650000 | 3.760000 | 9.070000) ,0.000503
"max_div_20_3.txt",50,20,3,2,4,11.800309,50,(9.810000 | 2.050000 | 1.830000) (0.650000 | 3.760000 | 9.070000) ,0.000606
"max_div_20_3.txt",10,20,3,2,5,11.800309,10,(0.650000 | 3.760000 | 9.070000) (9.810000 | 2.050000 | 1.830000) ,0.000155
"max_div_20_3.txt",20,20,3,2,5,11.800309,20,(0.650000 | 3.760000 | 9.070000) (9.810000 | 2.050000 | 1.830000) ,0.000279
"max_div_20_3.txt",30,20,3,2,5,11.800309,30,(0.650000 | 3.760000 | 9.070000) (9.810000 | 2.050000 | 1.830000) ,0.000383
"max_div_20_3.txt",40,20,3,2,5,11.800309,40,(0.650000 | 3.760000 | 9.070000) (9.810000 | 2.050000 | 1.830000) ,0.000499
"max_div_20_3.txt",50,20,3,2,5,11.800309,50,(0.650000 | 3.760000 | 9.070000) (9.810000 | 2.050000 | 1.830000) ,0.000623
"max_div_20_3.txt",10,20,3,3,2,30.872658,10,(0.650000 | 3.760000 | 9.070000) (8.870000 | 9.560000 | 5.340000) (9.810000 | 2.050000 | 1.830000) ,0.000232
"max_div_20_3.txt",20,20,3,3,2,30.872658,20,(9.810000 | 2.050000 | 1.830000) (8.870000 | 9.560000 | 5.340000) (0.650000 | 3.760000 | 9.070000) ,0.000404
"max_div_20_3.txt",30,20,3,3,2,30.872658,30,(9.810000 | 2.050000 | 1.830000) (0.650000 | 3.760000 | 9.070000) (8.870000 | 9.560000 | 5.340000) ,0.000600
"max_div_20_3.txt",40,20,3,3,2,30.872658,40,(0.650000 | 3.760000 | 9.070000) (9.810000 | 2.050000 | 1.830000) (8.870000 | 9.560000 | 5.340000) ,0.000765
"max_div_20_3.txt",50,20,3,3,2,30.872658,50,(0.650000 | 3.760000 | 9.070000) (9.810000 | 2.050000 | 1.830000) (8.870000 | 9.560000 | 5.340000) ,0.000936
"max_div_20_3.txt",10,20,3,3,3,30.872658,10,(0.650000 | 3.760000 | 9.070000) (9.810000 | 2.050000 | 1.830000) (8.870000 | 9.560000 | 5.340000) ,0.000235
"max_div_20_3.txt",20,20,3,3,3,30.872658,20,(0.650000 | 3.760000 | 9.070000) (8.870000 | 9.560000 | 5.340000) (9.810000 | 2.050000 | 1.830000) ,0.000409
"max_div_20_3.txt",30,20,3,3,3,30.872658,30,(0.650000 | 3.760000 | 9.070000) (9.810000 | 2.050000 | 1.830000) (8.870000 | 9.560000 | 5.340000) ,0.000618
"max_div_20_3.txt",40,20,3,3,3,30.872658,40,(0.650000 | 3.760000 | 9.070000) (8.870000 | 9.560000 | 5.340000) (9.810000 | 2.050000 | 1.830000) ,0.000777
"max_div_20_3.txt",50,20,3,3,3,30.872658,50,(0.650000 | 3.760000 | 9.070000) (9.810000 | 2.050000 | 1.830000) (8.870000 | 9.560000 | 5.340000) ,0.000941
"max_div_20_3.txt",10,20,3,3,4,30.872658,10,(0.650000 | 3.760000 | 9.070000) (9.810000 | 2.050000 | 1.830000) (8.870000 | 9.560000 | 5.340000) ,0.000237
"max_div_20_3.txt",20,20,3,3,4,30.872658,20,(0.650000 | 3.760000 | 9.070000) (9.810000 | 2.050000 | 1.830000) (8.870000 | 9.560000 | 5.340000) ,0.000407
"max_div_20_3.txt",30,20,3,3,4,30.872658,30,(9.810000 | 2.050000 | 1.830000) (0.650000 | 3.760000 | 9.070000) (8.870000 | 9.560000 | 5.340000) ,0.000605
"max_div_20_3.txt",40,20,3,3,4,30.872658,40,(0.650000 | 3.760000 | 9.070000) (8.870000 | 9.560000 | 5.340000) (9.810000 | 2.050000 | 1.830000) ,0.000770
"max_div_20_3.txt",50,20,3,3,4,30.872658,50,(0.650000 | 3.760000 | 9.070000) (9.810000 | 2.050000 | 1.830000) (8.870000 | 9.560000 | 5.340000) ,0.000948
"max_div_20_3.txt",10,20,3,3,5,30.872658,10,(8.870000 | 9.560000 | 5.340000) (9.810000 | 2.050000 | 1.830000) (0.650000 | 3.760000 | 9.070000) ,0.000227
"max_div_20_3.txt",20,20,3,3,5,30.872658,20,(0.650000 | 3.760000 | 9.070000) (8.870000 | 9.560000 | 5.340000) (9.810000 | 2.050000 | 1.830000) ,0.000407
"max_div_20_3.txt",30,20,3,3,5,30.872658,30,(8.870000 | 9.560000 | 5.340000) (0.650000 | 3.760000 | 9.070000) (9.810000 | 2.050000 | 1.830000) ,0.000609
"max_div_20_3.txt",40,20,3,3,5,30.872658,40,(9.810000 | 2.050000 | 1.830000) (8.870000 | 9.560000 | 5.340000) (0.650000 | 3.760000 | 9.070000) ,0.000780
"max_div_20_3.txt",50,20,3,3,5,30.872658,50,(8.870000 | 9.560000 | 5.340000) (0.650000 | 3.760000 | 9.070000) (9.810000 | 2.050000 | 1.830000) ,0.000946
"max_div_20_3.txt",10,20,3,4,2,56.690310,10,(9.810000 | 2.050000 | 1.830000) (0.830000 | 7.060000 | 3.340000) (9.600000 | 2.020000 | 9.000000) (0.650000 | 3.760000 | 9.070000) ,0.000307
"max_div_20_3.txt",20,20,3,4,2,56.690310,20,(0.650000 | 3.760000 | 9.070000) (9.810000 | 2.050000 | 1.830000) (9.600000 | 2.020000 | 9.000000) (0.830000 | 7.060000 | 3.340000) ,0.000566
"max_div_20_3.txt",30,20,3,4,2,56.690310,30,(0.650000 | 3.760000 | 9.070000) (9.810000 | 2.050000 | 1.830000) (9.600000 | 2.020000 | 9.000000) (0.830000 | 7.060000 | 3.340000) ,0.000851
"max_div_20_3.txt",40,20,3,4,2,56.690310,40,(0.650000 | 3.760000 | 9.070000) (9.810000 | 2.050000 | 1.830000) (9.600000 | 2.020000 | 9.000000) (0.830000 | 7.060000 | 3.340000) ,0.001085
"max_div_20_3.txt",50,20,3,4,2,56.690310,50,(0.650000 | 3.760000 | 9.070000) (9.810000 | 2.050000 | 1.830000) (9.600000 | 2.020000 | 9.000000) (0.830000 | 7.060000 | 3.340000) ,0.001379
"max_div_20_3.txt",10,20,3,4,3,56.690310,10,(0.650000 | 3.760000 | 9.070000) (9.810000 | 2.050000 | 1.830000) (9.600000 | 2.020000 | 9.000000) (0.830000 | 7.060000 | 3.340000) ,0.000309
"max_div_20_3.txt",20,20,3,4,3,56.690310,20,(9.600000 | 2.020000 | 9.000000) (0.650000 | 3.760000 | 9.070000) (9.810000 | 2.050000 | 1.830000) (0.830000 | 7.060000 | 3.340000) ,0.000581
"max_div_20_3.txt",30,20,3,4,3,56.690310,30,(0.650000 | 3.760000 | 9.070000) (9.810000 | 2.050000 | 1.830000) (9.600000 | 2.020000 | 9.000000) (0.830000 | 7.060000 | 3.340000) ,0.000837
"max_div_20_3.txt",40,20,3,4,3,56.690310,40,(0.650000 | 3.760000 | 9.070000) (9.810000 | 2.050000 | 1.830000) (9.600000 | 2.020000 | 9.000000) (0.830000 | 7.060000 | 3.340000) ,0.001101
"max_div_20_3.txt",50,20,3,4,3,56.690310,50,(9.600000 | 2.020000 | 9.000000) (0.650000 | 3.760000 | 9.070000) (9.810000 | 2.050000 | 1.830000) (0.830000 | 7.060000 | 3.340000) ,0.001385
"max_div_20_3.txt",10,20,3,4,4,56.690310,10,(0.650000 | 3.760000 | 9.070000) (9.600000 | 2.020000 | 9.000000) (9.810000 | 2.050000 | 1.830000) (0.830000 | 7.060000 | 3.340000) ,0.000307
"max_div_20_3.txt",20,20,3,4,4,56.690310,20,(9.600000 | 2.020000 | 9.000000) (0.650000 | 3.760000 | 9.070000) (0.830000 | 7.060000 | 3.340000) (9.810000 | 2.050000 | 1.830000) ,0.000583
"max_div_20_3.txt",30,20,3,4,4,56.690310,30,(9.600000 | 2.020000 | 9.000000) (0.650000 | 3.760000 | 9.070000) (9.810000 | 2.050000 | 1.830000) (0.830000 | 7.060000 | 3.340000) ,0.000847
"max_div_20_3.txt",40,20,3,4,4,56.690310,40,(9.600000 | 2.020000 | 9.000000) (9.810000 | 2.050000 | 1.830000) (0.650000 | 3.760000 | 9.070000) (0.830000 | 7.060000 | 3.340000) ,0.001080
"max_div_20_3.txt",50,20,3,4,4,56.690310,50,(9.600000 | 2.020000 | 9.000000) (9.810000 | 2.050000 | 1.830000) (0.650000 | 3.760000 | 9.070000) (0.830000 | 7.060000 | 3.340000) ,0.001371
"max_div_20_3.txt",10,20,3,4,5,56.690310,10,(9.810000 | 2.050000 | 1.830000) (0.830000 | 7.060000 | 3.340000) (9.600000 | 2.020000 | 9.000000) (0.650000 | 3.760000 | 9.070000) ,0.000311
"max_div_20_3.txt",20,20,3,4,5,56.690310,20,(9.600000 | 2.020000 | 9.000000) (0.650000 | 3.760000 | 9.070000) (0.830000 | 7.060000 | 3.340000) (9.810000 | 2.050000 | 1.830000) ,0.000615
"max_div_20_3.txt",30,20,3,4,5,56.690310,30,(9.600000 | 2.020000 | 9.000000) (9.810000 | 2.050000 | 1.830000) (0.650000 | 3.760000 | 9.070000) (0.830000 | 7.060000 | 3.340000) ,0.001382
"max_div_20_3.txt",40,20,3,4,5,56.690310,40,(9.600000 | 2.020000 | 9.000000) (0.650000 | 3.760000 | 9.070000) (0.830000 | 7.060000 | 3.340000) (9.810000 | 2.050000 | 1.830000) ,0.001151
"max_div_20_3.txt",50,20,3,4,5,56.690310,50,(9.600000 | 2.020000 | 9.000000) (0.650000 | 3.760000 | 9.070000) (9.810000 | 2.050000 | 1.830000) (0.830000 | 7.060000 | 3.340000) ,0.001388
"max_div_20_3.txt",10,20,3,5,2,92.829743,10,(9.810000 | 2.050000 | 1.830000) (0.830000 | 7.060000 | 3.340000) (0.650000 | 3.760000 | 9.070000) (8.870000 | 9.560000 | 5.340000) (9.600000 | 2.020000 | 9.000000) ,0.000403
"max_div_20_3.txt",20,20,3,5,2,92.829743,20,(0.650000 | 3.760000 | 9.070000) (9.810000 | 2.050000 | 1.830000) (8.870000 | 9.560000 | 5.340000) (0.830000 | 7.060000 | 3.340000) (9.600000 | 2.020000 | 9.000000) ,0.000837
"max_div_20_3.txt",30,20,3,5,2,92.829743,30,(9.810000 | 2.050000 | 1.830000) (0.650000 | 3.760000 | 9.070000) (8.870000 | 9.560000 | 5.340000) (9.600000 | 2.020000 | 9.000000) (0.830000 | 7.060000 | 3.340000) ,0.001123
"max_div_20_3.txt",40,20,3,5,2,92.829743,40,(0.650000 | 3.760000 | 9.070000) (9.810000 | 2.050000 | 1.830000) (8.870000 | 9.560000 | 5.340000) (0.830000 | 7.060000 | 3.340000) (9.600000 | 2.020000 | 9.000000) ,0.001504
"max_div_20_3.txt",50,20,3,5,2,92.829743,50,(0.650000 | 3.760000 | 9.070000) (8.870000 | 9.560000 | 5.340000) (9.600000 | 2.020000 | 9.000000) (0.830000 | 7.060000 | 3.340000) (9.810000 | 2.050000 | 1.830000) ,0.001809
"max_div_20_3.txt",10,20,3,5,3,92.829743,10,(9.810000 | 2.050000 | 1.830000) (0.830000 | 7.060000 | 3.340000) (0.650000 | 3.760000 | 9.070000) (8.870000 | 9.560000 | 5.340000) (9.600000 | 2.020000 | 9.000000) ,0.000412
"max_div_20_3.txt",20,20,3,5,3,92.829743,20,(9.600000 | 2.020000 | 9.000000) (0.830000 | 7.060000 | 3.340000) (8.870000 | 9.560000 | 5.340000) (0.650000 | 3.760000 | 9.070000) (9.810000 | 2.050000 | 1.830000) ,0.000767
"max_div_20_3.txt",30,20,3,5,3,92.829743,30,(9.600000 | 2.020000 | 9.000000) (8.870000 | 9.560000 | 5.340000) (0.650000 | 3.760000 | 9.070000) (9.810000 | 2.050000 | 1.830000) (0.830000 | 7.060000 | 3.340000) ,0.001102
"max_div_20_3.txt",40,20,3,5,3,92.829743,40,(0.650000 | 3.760000 | 9.070000) (9.810000 | 2.050000 | 1.830000) (8.870000 | 9.560000 | 5.340000) (0.830000 | 7.060000 | 3.340000) (9.600000 | 2.020000 | 9.000000) ,0.001478
"max_div_20_3.txt",50,20,3,5,3,92.829743,50,(9.600000 | 2.020000 | 9.000000) (0.830000 | 7.060000 | 3.340000) (9.810000 | 2.050000 | 1.830000) (0.650000 | 3.760000 | 9.070000) (8.870000 | 9.560000 | 5.340000) ,0.001814
"max_div_20_3.txt",10,20,3,5,4,92.829743,10,(0.650000 | 3.760000 | 9.070000) (8.870000 | 9.560000 | 5.340000) (9.600000 | 2.020000 | 9.000000) (0.830000 | 7.060000 | 3.340000) (9.810000 | 2.050000 | 1.830000) ,0.000408
"max_div_20_3.txt",20,20,3,5,4,92.829743,20,(9.810000 | 2.050000 | 1.830000) (9.600000 | 2.020000 | 9.000000) (0.830000 | 7.060000 | 3.340000) (8.870000 | 9.560000 | 5.340000) (0.650000 | 3.760000 | 9.070000) ,0.000766
"max_div_20_3.txt",30,20,3,5,4,92.829743,30,(9.600000 | 2.020000 | 9.000000) (8.870000 | 9.560000 | 5.340000) (0.650000 | 3.760000 | 9.070000) (0.830000 | 7.060000 | 3.340000) (9.810000 | 2.050000 | 1.830000) ,0.001147
"max_div_20_3.txt",40,20,3,5,4,92.829743,40,(0.650000 | 3.760000 | 9.070000) (8.870000 | 9.560000 | 5.340000) (9.810000 | 2.050000 | 1.830000) (0.830000 | 7.060000 | 3.340000) (9.600000 | 2.020000 | 9.000000) ,0.001487
"max_div_20_3.txt",50,20,3,5,4,92.829743,50,(9.600000 | 2.020000 | 9.000000) (8.870000 | 9.560000 | 5.340000) (9.810000 | 2.050000 | 1.830000) (0.830000 | 7.060000 | 3.340000) (0.650000 | 3.760000 | 9.070000) ,0.001836
"max_div_20_3.txt",10,20,3,5,5,92.829743,10,(0.650000 | 3.760000 | 9.070000) (8.870000 | 9.560000 | 5.340000) (9.600000 | 2.020000 | 9.000000) (0.830000 | 7.060000 | 3.340000) (9.810000 | 2.050000 | 1.830000) ,0.000403
"max_div_20_3.txt",20,20,3,5,5,92.829743,20,(0.650000 | 3.760000 | 9.070000) (0.830000 | 7.060000 | 3.340000) (8.870000 | 9.560000 | 5.340000) (9.810000 | 2.050000 | 1.830000) (9.600000 | 2.020000 | 9.000000) ,0.000764
"max_div_20_3.txt",30,20,3,5,5,92.829743,30,(0.650000 | 3.760000 | 9.070000) (0.830000 | 7.060000 | 3.340000) (9.600000 | 2.020000 | 9.000000) (8.870000 | 9.560000 | 5.340000) (9.810000 | 2.050000 | 1.830000) ,0.001107
"max_div_20_3.txt",40,20,3,5,5,92.829743,40,(8.870000 | 9.560000 | 5.340000) (0.650000 | 3.760000 | 9.070000) (9.810000 | 2.050000 | 1.830000) (0.830000 | 7.060000 | 3.340000) (9.600000 | 2.020000 | 9.000000) ,0.001478
"max_div_20_3.txt",50,20,3,5,5,92.829743,50,(8.870000 | 9.560000 | 5.340000) (0.650000 | 3.760000 | 9.070000) (9.810000 | 2.050000 | 1.830000) (0.830000 | 7.060000 | 3.340000) (9.600000 | 2.020000 | 9.000000) ,0.002019
"max_div_15_3.txt",10,15,3,2,2,13.273240,10,(9.880000 | 9.880000 | 6.260000) (0.300000 | 0.920000 | 4.230000) ,0.000184
"max_div_15_3.txt",20,15,3,2,2,13.273240,20,(0.300000 | 0.920000 | 4.230000) (9.880000 | 9.880000 | 6.260000) ,0.000313
"max_div_15_3.txt",30,15,3,2,2,13.273240,30,(0.300000 | 0.920000 | 4.230000) (9.880000 | 9.880000 | 6.260000) ,0.000518
"max_div_15_3.txt",40,15,3,2,2,13.273240,40,(9.880000 | 9.880000 | 6.260000) (0.300000 | 0.920000 | 4.230000) ,0.000666
"max_div_15_3.txt",50,15,3,2,2,13.273240,50,(9.880000 | 9.880000 | 6.260000) (0.300000 | 0.920000 | 4.230000) ,0.000799
"max_div_15_3.txt",10,15,3,2,3,13.273240,10,(9.880000 | 9.880000 | 6.260000) (0.300000 | 0.920000 | 4.230000) ,0.000139
"max_div_15_3.txt",20,15,3,2,3,13.273240,20,(9.880000 | 9.880000 | 6.260000) (0.300000 | 0.920000 | 4.230000) ,0.000329
"max_div_15_3.txt",30,15,3,2,3,13.273240,30,(9.880000 | 9.880000 | 6.260000) (0.300000 | 0.920000 | 4.230000) ,0.000421
"max_div_15_3.txt",40,15,3,2,3,13.273240,40,(0.300000 | 0.920000 | 4.230000) (9.880000 | 9.880000 | 6.260000) ,0.000669
"max_div_15_3.txt",50,15,3,2,3,13.273240,50,(0.300000 | 0.920000 | 4.230000) (9.880000 | 9.880000 | 6.260000) ,0.000843
"max_div_15_3.txt",10,15,3,2,4,13.273240,10,(0.300000 | 0.920000 | 4.230000) (9.880000 | 9.880000 | 6.260000) ,0.000166
"max_div_15_3.txt",20,15,3,2,4,13.273240,20,(0.300000 | 0.920000 | 4.230000) (9.880000 | 9.880000 | 6.260000) ,0.000311
"max_div_15_3.txt",30,15,3,2,4,13.273240,30,(9.880000 | 9.880000 | 6.260000) (0.300000 | 0.920000 | 4.230000) ,0.000496
"max_div_15_3.txt",40,15,3,2,4,13.273240,40,(9.880000 | 9.880000 | 6.260000) (0.300000 | 0.920000 | 4.230000) ,0.000657
"max_div_15_3.txt",50,15,3,2,4,13.273240,50,(0.300000 | 0.920000 | 4.230000) (9.880000 | 9.880000 | 6.260000) ,0.000843
"max_div_15_3.txt",10,15,3,2,5,13.273240,10,(9.880000 | 9.880000 | 6.260000) (0.300000 | 0.920000 | 4.230000) ,0.000189
"max_div_15_3.txt",20,15,3,2,5,13.273240,20,(0.300000 | 0.920000 | 4.230000) (9.880000 | 9.880000 | 6.260000) ,0.000279
"max_div_15_3.txt",30,15,3,2,5,13.273240,30,(9.880000 | 9.880000 | 6.260000) (0.300000 | 0.920000 | 4.230000) ,0.000314
"max_div_15_3.txt",40,15,3,2,5,13.273240,40,(9.880000 | 9.880000 | 6.260000) (0.300000 | 0.920000 | 4.230000) ,0.000419
"max_div_15_3.txt",50,15,3,2,5,13.273240,50,(9.880000 | 9.880000 | 6.260000) (0.300000 | 0.920000 | 4.230000) ,0.000493
"max_div_15_3.txt",10,15,3,3,2,31.868526,10,(1.710000 | 1.950000 | 9.220000) (9.880000 | 9.880000 | 6.260000) (5.170000 | 1.390000 | 0.910000) ,0.000201
"max_div_15_3.txt",20,15,3,3,2,31.868526,20,(9.880000 | 9.880000 | 6.260000) (1.710000 | 1.950000 | 9.220000) (5.170000 | 1.390000 | 0.910000) ,0.000327
"max_div_15_3.txt",30,15,3,3,2,31.868526,30,(9.880000 | 9.880000 | 6.260000) (5.170000 | 1.390000 | 0.910000) (1.710000 | 1.950000 | 9.220000) ,0.000461
"max_div_15_3.txt",40,15,3,3,2,31.868526,40,(9.880000 | 9.880000 | 6.260000) (5.170000 | 1.390000 | 0.910000) (1.710000 | 1.950000 | 9.220000) ,0.000629
"max_div_15_3.txt",50,15,3,3,2,31.868526,50,(9.880000 | 9.880000 | 6.260000) (1.710000 | 1.950000 | 9.220000) (5.170000 | 1.390000 | 0.910000) ,0.000754
"max_div_15_3.txt",10,15,3,3,3,31.868526,10,(1.710000 | 1.950000 | 9.220000) (5.170000 | 1.390000 | 0.910000) (9.880000 | 9.880000 | 6.260000) ,0.000188
"max_div_15_3.txt",20,15,3,3,3,31.868526,20,(1.710000 | 1.950000 | 9.220000) (9.880000 | 9.880000 | 6.260000) (5.170000 | 1.390000 | 0.910000) ,0.000327
"max_div_15_3.txt",30,15,3,3,3,31.868526,30,(9.880000 | 9.880000 | 6.260000) (1.710000 | 1.950000 | 9.220000) (5.170000 | 1.390000 | 0.910000) ,0.000471
"max_div_15_3.txt",40,15,3,3,3,31.868526,40,(1.710000 | 1.950000 | 9.220000) (9.880000 | 9.880000 | 6.260000) (5.170000 | 1.390000 | 0.910000) ,0.000601
"max_div_15_3.txt",50,15,3,3,3,31.868526,50,(1.710000 | 1.950000 | 9.220000) (9.880000 | 9.880000 | 6.260000) (5.170000 | 1.390000 | 0.910000) ,0.000857
"max_div_15_3.txt",10,15,3,3,4,31.868526,10,(1.710000 | 1.950000 | 9.220000) (9.880000 | 9.880000 | 6.260000) (5.170000 | 1.390000 | 0.910000) ,0.000185
"max_div_15_3.txt",20,15,3,3,4,31.868526,20,(1.710000 | 1.950000 | 9.220000) (9.880000 | 9.880000 | 6.260000) (5.170000 | 1.390000 | 0.910000) ,0.000331
"max_div_15_3.txt",30,15,3,3,4,31.868526,30,(1.710000 | 1.950000 | 9.220000) (9.880000 | 9.880000 | 6.260000) (5.170000 | 1.390000 | 0.910000) ,0.000470
"max_div_15_3.txt",40,15,3,3,4,31.868526,40,(9.880000 | 9.880000 | 6.260000) (1.710000 | 1.950000 | 9.220000) (5.170000 | 1.390000 | 0.910000) ,0.000621
"max_div_15_3.txt",50,15,3,3,4,31.868526,50,(9.880000 | 9.880000 | 6.260000) (1.710000 | 1.950000 | 9.220000) (5.170000 | 1.390000 | 0.910000) ,0.000762
"max_div_15_3.txt",10,15,3,3,5,31.868526,10,(1.710000 | 1.950000 | 9.220000) (5.170000 | 1.390000 | 0.910000) (9.880000 | 9.880000 | 6.260000) ,0.000180
"max_div_15_3.txt",20,15,3,3,5,31.868526,20,(9.880000 | 9.880000 | 6.260000) (5.170000 | 1.390000 | 0.910000) (1.710000 | 1.950000 | 9.220000) ,0.000324
"max_div_15_3.txt",30,15,3,3,5,31.868526,30,(5.170000 | 1.390000 | 0.910000) (1.710000 | 1.950000 | 9.220000) (9.880000 | 9.880000 | 6.260000) ,0.000467
"max_div_15_3.txt",40,15,3,3,5,31.868526,40,(5.170000 | 1.390000 | 0.910000) (1.710000 | 1.950000 | 9.220000) (9.880000 | 9.880000 | 6.260000) ,0.000617
"max_div_15_3.txt",50,15,3,3,5,31.868526,50,(9.880000 | 9.880000 | 6.260000) (5.170000 | 1.390000 | 0.910000) (1.710000 | 1.950000 | 9.220000) ,0.000763
"max_div_15_3.txt",10,15,3,4,2,59.763759,10,(1.710000 | 1.950000 | 9.220000) (6.650000 | 9.450000 | 1.020000) (9.880000 | 9.880000 | 6.260000) (0.300000 | 0.920000 | 4.230000) ,0.000238
"max_div_15_3.txt",20,15,3,4,2,59.763759,20,(1.710000 | 1.950000 | 9.220000) (6.650000 | 9.450000 | 1.020000) (9.880000 | 9.880000 | 6.260000) (0.300000 | 0.920000 | 4.230000) ,0.000439
"max_div_15_3.txt",30,15,3,4,2,59.763759,30,(1.710000 | 1.950000 | 9.220000) (9.880000 | 9.880000 | 6.260000) (0.300000 | 0.920000 | 4.230000) (6.650000 | 9.450000 | 1.020000) ,0.000643
"max_div_15_3.txt",40,15,3,4,2,59.763759,40,(1.710000 | 1.950000 | 9.220000) (6.650000 | 9.450000 | 1.020000) (9.880000 | 9.880000 | 6.260000) (0.300000 | 0.920000 | 4.230000) ,0.000838
"max_div_15_3.txt",50,15,3,4,2,59.763759,50,(1.710000 | 1.950000 | 9.220000) (6.650000 | 9.450000 | 1.020000) (9.880000 | 9.880000 | 6.260000) (0.300000 | 0.920000 | 4.230000) ,0.001013
"max_div_15_3.txt",10,15,3,4,3,59.763759,10,(9.880000 | 9.880000 | 6.260000) (1.710000 | 1.950000 | 9.220000) (6.650000 | 9.450000 | 1.020000) (0.300000 | 0.920000 | 4.230000) ,0.000237
"max_div_15_3.txt",20,15,3,4,3,59.763759,20,(1.710000 | 1.950000 | 9.220000) (6.650000 | 9.450000 | 1.020000) (9.880000 | 9.880000 | 6.260000) (0.300000 | 0.920000 | 4.230000) ,0.000449
"max_div_15_3.txt",30,15,3,4,3,59.763759,30,(1.710000 | 1.950000 | 9.220000) (6.650000 | 9.450000 | 1.020000) (9.880000 | 9.880000 | 6.260000) (0.300000 | 0.920000 | 4.230000) ,0.000648
"max_div_15_3.txt",40,15,3,4,3,59.763759,40,(1.710000 | 1.950000 | 9.220000) (9.880000 | 9.880000 | 6.260000) (6.650000 | 9.450000 | 1.020000) (0.300000 | 0.920000 | 4.230000) ,0.000840
"max_div_15_3.txt",50,15,3,4,3,59.763759,50,(1.710000 | 1.950000 | 9.220000) (6.650000 | 9.450000 | 1.020000) (9.880000 | 9.880000 | 6.260000) (0.300000 | 0.920000 | 4.230000) ,0.001042
"max_div_15_3.txt",10,15,3,4,4,59.763759,10,(1.710000 | 1.950000 | 9.220000) (9.880000 | 9.880000 | 6.260000) (0.300000 | 0.920000 | 4.230000) (6.650000 | 9.450000 | 1.020000) ,0.000242
"max_div_15_3.txt",20,15,3,4,4,59.763759,20,(9.880000 | 9.880000 | 6.260000) (0.300000 | 0.920000 | 4.230000) (1.710000 | 1.950000 | 9.220000) (6.650000 | 9.450000 | 1.020000) ,0.000438
"max_div_15_3.txt",30,15,3,4,4,59.763759,30,(1.710000 | 1.950000 | 9.220000) (6.650000 | 9.450000 | 1.020000) (9.880000 | 9.880000 | 6.260000) (0.300000 | 0.920000 | 4.230000) ,0.000662
"max_div_15_3.txt",40,15,3,4,4,59.763759,40,(1.710000 | 1.950000 | 9.220000) (6.650000 | 9.450000 | 1.020000) (9.880000 | 9.880000 | 6.260000) (0.300000 | 0.920000 | 4.230000) ,0.000844
"max_div_15_3.txt",50,15,3,4,4,59.763759,50,(9.880000 | 9.880000 | 6.260000) (6.650000 | 9.450000 | 1.020000) (1.710000 | 1.950000 | 9.220000) (0.300000 | 0.920000 | 4.230000) ,0.001053
"max_div_15_3.txt",10,15,3,4,5,59.763759,10,(9.880000 | 9.880000 | 6.260000) (0.300000 | 0.920000 | 4.230000) (1.710000 | 1.950000 | 9.220000) (6.650000 | 9.450000 | 1.020000) ,0.000244
"max_div_15_3.txt",20,15,3,4,5,59.763759,20,(9.880000 | 9.880000 | 6.260000) (6.650000 | 9.450000 | 1.020000) (1.710000 | 1.950000 | 9.220000) (0.300000 | 0.920000 | 4.230000) ,0.000437
"max_div_15_3.txt",30,15,3,4,5,59.763759,30,(9.880000 | 9.880000 | 6.260000) (0.300000 | 0.920000 | 4.230000) (1.710000 | 1.950000 | 9.220000) (6.650000 | 9.450000 | 1.020000) ,0.000644
"max_div_15_3.txt",40,15,3,4,5,59.763759,40,(9.880000 | 9.880000 | 6.260000) (6.650000 | 9.450000 | 1.020000) (1.710000 | 1.950000 | 9.220000) (0.300000 | 0.920000 | 4.230000) ,0.000874
"max_div_15_3.txt",50,15,3,4,5,59.763759,50,(9.880000 | 9.880000 | 6.260000) (1.710000 | 1.950000 | 9.220000) (6.650000 | 9.450000 | 1.020000) (0.300000 | 0.920000 | 4.230000) ,0.001022
"max_div_15_3.txt",10,15,3,5,2,96.085832,10,(1.710000 | 1.950000 | 9.220000) (9.880000 | 9.880000 | 6.260000) (9.470000 | 3.560000 | 1.830000) (1.150000 | 9.210000 | 3.110000) (0.300000 | 0.920000 | 4.230000) ,0.000319
"max_div_15_3.txt",20,15,3,5,2,96.085832,20,(9.470000 | 3.560000 | 1.830000) (1.710000 | 1.950000 | 9.220000) (0.300000 | 0.920000 | 4.230000) (9.880000 | 9.880000 | 6.260000) (1.150000 | 9.210000 | 3.110000) ,0.000582
"max_div_15_3.txt",30,15,3,5,2,96.085832,30,(1.710000 | 1.950000 | 9.220000) (9.880000 | 9.880000 | 6.260000) (9.470000 | 3.560000 | 1.830000) (1.150000 | 9.210000 | 3.110000) (0.300000 | 0.920000 | 4.230000) ,0.000833
"max_div_15_3.txt",40,15,3,5,2,96.085832,40,(9.880000 | 9.880000 | 6.260000) (1.710000 | 1.950000 | 9.220000) (9.470000 | 3.560000 | 1.830000) (1.150000 | 9.210000 | 3.110000) (0.300000 | 0.920000 | 4.230000) ,0.001136
"max_div_15_3.txt",50,15,3,5,2,96.085832,50,(1.710000 | 1.950000 | 9.220000) (9.880000 | 9.880000 | 6.260000) (9.470000 | 3.560000 | 1.830000) (1.150000 | 9.210000 | 3.110000) (0.300000 | 0.920000 | 4.230000) ,0.001360
"max_div_15_3.txt",10,15,3,5,3,96.085832,10,(9.880000 | 9.880000 | 6.260000) (9.470000 | 3.560000 | 1.830000) (0.300000 | 0.920000 | 4.230000) (1.150000 | 9.210000 | 3.110000) (1.710000 | 1.950000 | 9.220000) ,0.000305
"max_div_15_3.txt",20,15,3,5,3,96.085832,20,(9.880000 | 9.880000 | 6.260000) (1.710000 | 1.950000 | 9.220000) (9.470000 | 3.560000 | 1.830000) (1.150000 | 9.210000 | 3.110000) (0.300000 | 0.920000 | 4.230000) ,0.000584
"max_div_15_3.txt",30,15,3,5,3,96.085832,30,(9.880000 | 9.880000 | 6.260000) (0.300000 | 0.920000 | 4.230000) (9.470000 | 3.560000 | 1.830000) (1.710000 | 1.950000 | 9.220000) (1.150000 | 9.210000 | 3.110000) ,0.001104
"max_div_15_3.txt",40,15,3,5,3,96.085832,40,(9.880000 | 9.880000 | 6.260000) (9.470000 | 3.560000 | 1.830000) (0.300000 | 0.920000 | 4.230000) (1.150000 | 9.210000 | 3.110000) (1.710000 | 1.950000 | 9.220000) ,0.001913
"max_div_15_3.txt",50,15,3,5,3,96.085832,50,(9.880000 | 9.880000 | 6.260000) (9.470000 | 3.560000 | 1.830000) (0.300000 | 0.920000 | 4.230000) (1.150000 | 9.210000 | 3.110000) (1.710000 | 1.950000 | 9.220000) ,0.001764
"max_div_15_3.txt",10,15,3,5,4,96.085832,10,(1.710000 | 1.950000 | 9.220000) (1.150000 | 9.210000 | 3.110000) (9.880000 | 9.880000 | 6.260000) (0.300000 | 0.920000 | 4.230000) (9.470000 | 3.560000 | 1.830000) ,0.000317
"max_div_15_3.txt",20,15,3,5,4,96.085832,20,(1.710000 | 1.950000 | 9.220000) (9.880000 | 9.880000 | 6.260000) (9.470000 | 3.560000 | 1.830000) (0.300000 | 0.920000 | 4.230000) (1.150000 | 9.210000 | 3.110000) ,0.000577
"max_div_15_3.txt",30,15,3,5,4,96.085832,30,(9.880000 | 9.880000 | 6.260000) (9.470000 | 3.560000 | 1.830000) (1.150000 | 9.210000 | 3.110000) (0.300000 | 0.920000 | 4.230000) (1.710000 | 1.950000 | 9.220000) ,0.000846
"max_div_15_3.txt",40,15,3,5,4,96.085832,40,(9.880000 | 9.880000 | 6.260000) (1.710000 | 1.950000 | 9.220000) (0.300000 | 0.920000 | 4.230000) (9.470000 | 3.560000 | 1.830000) (1.150000 | 9.210000 | 3.110000) ,0.001089
"max_div_15_3.txt",50,15,3,5,4,96.085832,50,(1.710000 | 1.950000 | 9.220000) (9.880000 | 9.880000 | 6.260000) (9.470000 | 3.560000 | 1.830000) (0.300000 | 0.920000 | 4.230000) (1.150000 | 9.210000 | 3.110000) ,0.001371
"max_div_15_3.txt",10,15,3,5,5,96.085832,10,(1.710000 | 1.950000 | 9.220000) (9.880000 | 9.880000 | 6.260000) (9.470000 | 3.560000 | 1.830000) (1.150000 | 9.210000 | 3.110000) (0.300000 | 0.920000 | 4.230000) ,0.000311
"max_div_15_3.txt",20,15,3,5,5,96.085832,20,(9.470000 | 3.560000 | 1.830000) (0.300000 | 0.920000 | 4.230000) (1.710000 | 1.950000 | 9.220000) (1.150000 | 9.210000 | 3.110000) (9.880000 | 9.880000 | 6.260000) ,0.000579
"max_div_15_3.txt",30,15,3,5,5,96.085832,30,(9.880000 | 9.880000 | 6.260000) (9.470000 | 3.560000 | 1.830000) (0.300000 | 0.920000 | 4.230000) (1.150000 | 9.210000 | 3.110000) (1.710000 | 1.950000 | 9.220000) ,0.000844
"max_div_15_3.txt",40,15,3,5,5,96.085832,40,(1.710000 | 1.950000 | 9.220000) (9.880000 | 9.880000 | 6.260000) (9.470000 | 3.560000 | 1.830000) (0.300000 | 0.920000 | 4.230000) (1.150000 | 9.210000 | 3.110000) ,0.001086
"max_div_15_3.txt",50,15,3,5,5,96.085832,50,(9.880000 | 9.880000 | 6.260000) (9.470000 | 3.560000 | 1.830000) (0.300000 | 0.920000 | 4.230000) (1.150000 | 9.210000 | 3.110000) (1.710000 | 1.950000 | 9.220000) ,0.001373
"max_div_15_2.txt",10,15,2,2,2,11.859216,10,(8.650000 | 9.980000) (0.580000 | 1.290000) ,0.000163
"max_div_15_2.txt",20,15,2,2,2,11.859216,20,(8.650000 | 9.980000) (0.580000 | 1.290000) ,0.000310
"max_div_15_2.txt",30,15,2,2,2,11.859216,30,(8.650000 | 9.980000) (0.580000 | 1.290000) ,0.000449
"max_div_15_2.txt",40,15,2,2,2,11.859216,40,(8.650000 | 9.980000) (0.580000 | 1.290000) ,0.000583
"max_div_15_2.txt",50,15,2,2,2,11.859216,50,(8.650000 | 9.980000) (0.580000 | 1.290000) ,0.000715
"max_div_15_2.txt",10,15,2,2,3,11.859216,10,(8.650000 | 9.980000) (0.580000 | 1.290000) ,0.000146
"max_div_15_2.txt",20,15,2,2,3,11.859216,20,(8.650000 | 9.980000) (0.580000 | 1.290000) ,0.000309
"max_div_15_2.txt",30,15,2,2,3,11.859216,30,(8.650000 | 9.980000) (0.580000 | 1.290000) ,0.000450
"max_div_15_2.txt",40,15,2,2,3,11.859216,40,(8.650000 | 9.980000) (0.580000 | 1.290000) ,0.000624
"max_div_15_2.txt",50,15,2,2,3,11.859216,50,(8.650000 | 9.980000) (0.580000 | 1.290000) ,0.000761
"max_div_15_2.txt",10,15,2,2,4,11.859216,10,(0.580000 | 1.290000) (8.650000 | 9.980000) ,0.000159
"max_div_15_2.txt",20,15,2,2,4,11.859216,20,(8.650000 | 9.980000) (0.580000 | 1.290000) ,0.000307
"max_div_15_2.txt",30,15,2,2,4,11.859216,30,(8.650000 | 9.980000) (0.580000 | 1.290000) ,0.000475
"max_div_15_2.txt",40,15,2,2,4,11.859216,40,(8.650000 | 9.980000) (0.580000 | 1.290000) ,0.000620
"max_div_15_2.txt",50,15,2,2,4,11.859216,50,(8.650000 | 9.980000) (0.580000 | 1.290000) ,0.000755
"max_div_15_2.txt",10,15,2,2,5,11.859216,10,(8.650000 | 9.980000) (0.580000 | 1.290000) ,0.000151
"max_div_15_2.txt",20,15,2,2,5,11.859216,20,(8.650000 | 9.980000) (0.580000 | 1.290000) ,0.000318
"max_div_15_2.txt",30,15,2,2,5,11.859216,30,(0.580000 | 1.290000) (8.650000 | 9.980000) ,0.000460
"max_div_15_2.txt",40,15,2,2,5,11.859216,40,(0.580000 | 1.290000) (8.650000 | 9.980000) ,0.000628
"max_div_15_2.txt",50,15,2,2,5,11.859216,50,(0.580000 | 1.290000) (8.650000 | 9.980000) ,0.000794
"max_div_15_2.txt",10,15,2,3,2,27.372700,10,(9.110000 | 3.230000) (0.580000 | 1.290000) (8.650000 | 9.980000) ,0.000248
"max_div_15_2.txt",20,15,2,3,2,27.372700,20,(9.110000 | 3.230000) (0.580000 | 1.290000) (8.650000 | 9.980000) ,0.000495
